{
 "cells": [
  {
   "cell_type": "code",
   "execution_count": 104,
   "id": "6f7b6f4d",
   "metadata": {},
   "outputs": [],
   "source": [
    "import math\n",
    "import copy\n",
    "import pandas as pd\n",
    "import numpy as np\n",
    "dist = [[0 for i in range(31)] for j in range(31)]"
   ]
  },
  {
   "cell_type": "code",
   "execution_count": 105,
   "id": "c38be94d",
   "metadata": {},
   "outputs": [
    {
     "name": "stdout",
     "output_type": "stream",
     "text": [
      "[[0, 330, 73, 182, 200, 386, 151, 203, 173, 288, 28, 136, 247, 313, 276, 327, 37, 74, 196, 58, 301, 150, 133, 387, 225, 278, 116, 113, 345, 360, 406], [330, 0, 361, 470, 113, 348, 93, 436, 369, 297, 358, 540, 69, 193, 79, 92, 277, 404, 174, 259, 589, 370, 320, 197, 105, 566, 216, 399, 633, 546, 164], [73, 361, 0, 109, 242, 427, 166, 162, 244, 361, 101, 87, 261, 343, 291, 358, 107, 147, 264, 21, 288, 220, 202, 442, 255, 205, 165, 38, 272, 300, 437], [182, 470, 109, 0, 351, 536, 289, 230, 360, 477, 210, 152, 384, 453, 414, 467, 223, 256, 387, 143, 119, 336, 320, 552, 365, 86, 270, 71, 163, 171, 546], [200, 113, 242, 351, 0, 396, 99, 343, 334, 355, 228, 303, 161, 266, 180, 205, 195, 274, 225, 167, 470, 310, 270, 310, 178, 447, 154, 280, 514, 454, 277], [386, 348, 427, 536, 396, 0, 305, 536, 324, 58, 379, 492, 272, 261, 302, 320, 335, 311, 167, 386, 655, 351, 307, 407, 218, 632, 282, 465, 699, 689, 399], [151, 93, 166, 289, 99, 305, 0, 347, 302, 277, 174, 275, 111, 217, 141, 174, 175, 214, 139, 171, 379, 278, 230, 252, 123, 366, 89, 205, 433, 458, 261], [203, 436, 162, 230, 343, 536, 347, 0, 356, 492, 216, 73, 441, 496, 471, 504, 226, 269, 399, 159, 317, 333, 323, 582, 406, 305, 319, 151, 371, 396, 591], [173, 369, 244, 360, 334, 324, 302, 356, 0, 282, 153, 288, 383, 389, 412, 445, 138, 95, 287, 228, 449, 27, 52, 523, 343, 436, 237, 278, 503, 528, 532], [288, 297, 361, 477, 355, 58, 277, 492, 282, 0, 310, 418, 229, 226, 259, 292, 292, 291, 124, 343, 567, 308, 264, 343, 188, 554, 207, 396, 621, 646, 379], [28, 358, 101, 210, 228, 379, 174, 216, 153, 310, 0, 164, 270, 337, 300, 355, 19, 68, 216, 79, 328, 128, 112, 440, 249, 306, 144, 139, 373, 382, 434], [136, 540, 87, 152, 303, 492, 275, 73, 288, 418, 164, 0, 365, 406, 394, 423, 153, 211, 326, 86, 271, 265, 256, 505, 321, 248, 227, 81, 315, 326, 502], [247, 69, 261, 384, 161, 272, 111, 441, 383, 229, 270, 365, 0, 120, 31, 64, 273, 316, 107, 264, 475, 386, 300, 142, 40, 462, 159, 300, 529, 554, 151], [313, 193, 343, 453, 266, 261, 217, 496, 389, 226, 337, 406, 120, 0, 128, 131, 327, 387, 103, 321, 572, 416, 348, 124, 88, 549, 199, 382, 616, 625, 218], [276, 79, 291, 414, 180, 302, 141, 471, 412, 259, 300, 394, 31, 128, 0, 32, 303, 346, 136, 294, 505, 416, 338, 112, 70, 492, 178, 330, 558, 583, 119], [327, 92, 358, 467, 205, 320, 174, 504, 445, 292, 355, 423, 64, 131, 32, 0, 336, 401, 170, 330, 586, 449, 365, 105, 102, 563, 213, 396, 630, 617, 79], [37, 277, 107, 223, 195, 335, 175, 226, 138, 292, 19, 153, 273, 327, 303, 336, 0, 44, 199, 88, 312, 114, 96, 410, 231, 299, 125, 141, 366, 391, 423], [74, 404, 147, 256, 274, 311, 214, 269, 95, 291, 68, 211, 316, 387, 346, 401, 44, 0, 218, 134, 375, 71, 54, 486, 299, 352, 143, 185, 419, 434, 480], [196, 174, 264, 387, 225, 167, 139, 399, 287, 124, 216, 326, 107, 103, 136, 170, 199, 218, 0, 252, 477, 315, 247, 233, 66, 464, 126, 303, 531, 556, 258], [58, 259, 21, 143, 167, 386, 171, 159, 228, 343, 79, 86, 264, 321, 294, 330, 88, 134, 252, 0, 234, 200, 182, 404, 232, 221, 144, 60, 288, 313, 413], [301, 589, 288, 119, 470, 655, 379, 317, 449, 567, 328, 271, 475, 572, 505, 586, 312, 375, 477, 234, 0, 429, 412, 671, 484, 29, 387, 190, 46, 81, 665], [150, 370, 220, 336, 310, 351, 278, 333, 27, 308, 128, 265, 386, 416, 416, 449, 114, 71, 315, 200, 429, 0, 61, 527, 320, 412, 214, 256, 482, 505, 536], [133, 320, 202, 320, 270, 307, 230, 323, 52, 264, 112, 256, 300, 348, 338, 365, 96, 54, 247, 182, 412, 61, 0, 443, 263, 396, 159, 238, 463, 488, 452], [387, 197, 442, 552, 310, 407, 252, 582, 523, 343, 440, 505, 142, 124, 112, 105, 410, 486, 233, 404, 671, 527, 443, 0, 187, 648, 298, 481, 715, 694, 129], [225, 105, 255, 365, 178, 218, 123, 406, 343, 188, 249, 321, 40, 88, 70, 102, 231, 299, 66, 232, 484, 320, 263, 187, 0, 461, 111, 294, 528, 536, 181], [278, 566, 205, 86, 447, 632, 366, 305, 436, 554, 306, 248, 462, 549, 492, 563, 299, 352, 464, 221, 29, 412, 396, 648, 461, 0, 364, 167, 77, 117, 642], [116, 216, 165, 270, 154, 282, 89, 319, 237, 207, 144, 227, 159, 199, 178, 213, 125, 143, 126, 144, 387, 214, 159, 298, 111, 364, 0, 200, 431, 448, 292], [113, 399, 38, 71, 280, 465, 205, 151, 278, 396, 139, 81, 300, 382, 330, 396, 141, 185, 303, 60, 190, 256, 238, 481, 294, 167, 200, 0, 234, 248, 475], [345, 633, 272, 163, 514, 699, 433, 371, 503, 621, 373, 315, 529, 616, 558, 630, 366, 419, 531, 288, 46, 482, 463, 715, 528, 77, 431, 234, 0, 28, 709], [360, 546, 300, 171, 454, 689, 458, 396, 528, 646, 382, 326, 554, 625, 583, 617, 391, 434, 556, 313, 81, 505, 488, 694, 536, 117, 448, 248, 28, 0, 703], [406, 164, 437, 546, 277, 399, 261, 591, 532, 379, 434, 502, 151, 218, 119, 79, 423, 480, 258, 413, 665, 536, 452, 129, 181, 642, 292, 475, 709, 703, 0]]\n"
     ]
    }
   ],
   "source": [
    "#Read distance matrix and store in a matrix\n",
    "df = pd.read_excel(r\"./project.xlsx\", sheet_name = \"DM Full\")\n",
    "df = df.iloc[: , 1:]\n",
    "np_array = df.to_numpy()\n",
    "dist = np_array.tolist()\n",
    "print(dist)"
   ]
  },
  {
   "cell_type": "code",
   "execution_count": 106,
   "id": "8cf5c65c",
   "metadata": {},
   "outputs": [
    {
     "data": {
      "text/plain": [
       "'\\ndist[0] = [0, 330, 73, 182, 200, 396, 28]\\ndist[1] = [330, 0, 361, 470, 113, 348, 358]\\ndist[2] = [73, 361, 0, 109, 242, 427, 101]\\ndist[3] = [182, 470, 109, 0, 351, 536, 210]\\ndist[4] = [200, 113, 242, 351, 0, 396, 228]\\ndist[5] = [396, 348, 427, 536, 396, 0, 379]\\ndist[6] = [28, 358, 101, 210, 228, 379, 0]\\n'"
      ]
     },
     "execution_count": 106,
     "metadata": {},
     "output_type": "execute_result"
    }
   ],
   "source": [
    "\"\"\"\n",
    "dist[0] = [0, 330, 73, 182, 200, 396, 28]\n",
    "dist[1] = [330, 0, 361, 470, 113, 348, 358]\n",
    "dist[2] = [73, 361, 0, 109, 242, 427, 101]\n",
    "dist[3] = [182, 470, 109, 0, 351, 536, 210]\n",
    "dist[4] = [200, 113, 242, 351, 0, 396, 228]\n",
    "dist[5] = [396, 348, 427, 536, 396, 0, 379]\n",
    "dist[6] = [28, 358, 101, 210, 228, 379, 0]\n",
    "\"\"\""
   ]
  },
  {
   "cell_type": "code",
   "execution_count": 107,
   "id": "f4d1a896",
   "metadata": {},
   "outputs": [
    {
     "name": "stdout",
     "output_type": "stream",
     "text": [
      "['NADIAD', 'JUNAGADH', '18', '6\\n']\n",
      "['PATAN', 'PORBANDAR', '45', '8\\n']\n",
      "['PALANPUR', 'PATAN', '9', '29\\n']\n",
      "['SURAT', 'MORBI', '9', '27\\n']\n",
      "['BHUJ', 'VADODARA', '24', '28\\n']\n",
      "['GONDAL', 'PATAN', '24', '3\\n']\n",
      "['JETPUR', 'SURAT', '12', '25\\n']\n",
      "['RAJKOT', 'BOTAD', '18', '21\\n']\n",
      "['PALANPUR', 'NADIAD', '36', '24\\n']\n",
      "['VAPI', 'PORBANDAR', '12', '11\\n']\n",
      "['AHMEDABAD', 'NADIAD', '3', '22\\n']\n",
      "['BHAVNAGAR', 'MEHSANA', '6', '17\\n']\n",
      "['SURENDRANAGAR', 'JETPUR', '33', '31\\n']\n",
      "['PALANPUR', 'BHUJ', '18', '13\\n']\n",
      "['PALANPUR', 'ANAND', '18', '23\\n']\n",
      "['NAVSARI', 'NADIAD', '12', '5\\n']\n",
      "['SURENDRANAGAR', 'DEESA', '36', '8\\n']\n",
      "['SURAT', 'AHMEDABAD', '6', '4\\n']\n",
      "['GANDHINAGAR', 'PALANPUR', '42', '7\\n']\n",
      "['JETPUR', 'PALANPUR', '36', '24\\n']\n",
      "['GODHRA', 'KALOL', '33', '23\\n']\n",
      "['GODHRA', 'GONDAL', '21', '10\\n']\n",
      "['GODHRA', 'BHARUCH', '45', '31\\n']\n",
      "['JAMNAGAR', 'BHAVNAGAR', '45', '8\\n']\n",
      "['NAVSARI', 'VERAVAL', '30', '13\\n']\n",
      "['GODHRA', 'BHARUCH', '3', '4\\n']\n",
      "['KALOL', 'GONDAL', '45', '14\\n']\n",
      "['VERAVAL', 'JUNAGADH', '6', '14\\n']\n",
      "['JUNAGADH', 'PATAN', '12', '27\\n']\n",
      "['BHAVNAGAR', 'JETPUR', '15', '19\\n']\n",
      "['MEHSANA', 'GANDHINAGAR', '6', '8\\n']\n",
      "['GANDHINAGAR', 'VALSAD', '33', '17\\n']\n",
      "['MEHSANA', 'KALOL', '36', '9\\n']\n",
      "['MEHSANA', 'SURENDRANAGAR', '24', '22\\n']\n",
      "['AHMEDABAD', 'RAJKOT', '12', '29\\n']\n",
      "['RAJKOT', 'BOTAD', '24', '14\\n']\n",
      "['KALOL', 'GANDHINAGAR', '33', '9\\n']\n",
      "['KALOL', 'DAHOD', '15', '22\\n']\n",
      "['VADODARA', 'BOTAD', '21', '18\\n']\n",
      "['AHMEDABAD', 'BHARUCH', '30', '29\\n']\n",
      "['DAHOD', 'GANDHINAGAR', '15', '12\\n']\n",
      "['AHMEDABAD', 'KALOL', '21', '5\\n']\n",
      "['PATAN', 'RAJKOT', '36', '19\\n']\n",
      "['BHUJ', 'NAVSARI', '30', '27\\n']\n",
      "['KALOL', 'BOTAD', '21', '29\\n']\n",
      "['GANDHINAGAR', 'BHAVNAGAR', '33', '5\\n']\n",
      "['JETPUR', 'AMRELI', '12', '7\\n']\n",
      "['NAVSARI', 'JAMNAGAR', '18', '16\\n']\n",
      "['VERAVAL', 'DAHOD', '3', '31\\n']\n",
      "['MORBI', 'NAVSARI', '9', '26\\n']\n",
      "['VERAVAL', 'GANDHINAGAR', '42', '3\\n']\n",
      "['VAPI', 'BHAVNAGAR', '3', '16\\n']\n",
      "['AHMEDABAD', 'MORBI', '12', '5\\n']\n",
      "['AHMEDABAD', 'VALSAD', '30', '13\\n']\n",
      "['NADIAD', 'PALANPUR', '6', '30\\n']\n",
      "['AHMEDABAD', 'NADIAD', '18', '4\\n']\n",
      "['JAMNAGAR', 'NADIAD', '6', '17\\n']\n",
      "['JETPUR', 'VERAVAL', '15', '23\\n']\n",
      "['GODHRA', 'JUNAGADH', '6', '10\\n']\n",
      "['MORBI', 'BOTAD', '12', '8\\n']\n",
      "['SURENDRANAGAR', 'BHAVNAGAR', '12', '16\\n']\n",
      "['VADODARA', 'JETPUR', '21', '22\\n']\n",
      "['NAVSARI', 'BHAVNAGAR', '45', '24\\n']\n",
      "['VERAVAL', 'MORBI', '27', '18\\n']\n",
      "['JAMNAGAR', 'GODHRA', '39', '13\\n']\n",
      "['JAMNAGAR', 'MORBI', '42', '29\\n']\n",
      "['PATAN', 'AHMEDABAD', '45', '21\\n']\n",
      "['VAPI', 'GANDHINAGAR', '12', '19\\n']\n",
      "['PALANPUR', 'VAPI', '27', '8\\n']\n",
      "['GONDAL', 'VAPI', '3', '23\\n']\n",
      "['GODHRA', 'AMRELI', '36', '6\\n']\n",
      "['AHMEDABAD', 'AMRELI', '18', '3\\n']\n",
      "['PATAN', 'GANDHINAGAR', '45', '22\\n']\n",
      "['PORBANDAR', 'ANAND', '18', '28\\n']\n",
      "['JUNAGADH', 'DAHOD', '42', '17\\n']\n",
      "['JAMNAGAR', 'JUNAGADH', '45', '13\\n']\n",
      "['GODHRA', 'JAMNAGAR', '33', '19\\n']\n",
      "['PATAN', 'JETPUR', '45', '23\\n']\n",
      "['VAPI', 'GODHRA', '27', '9\\n']\n",
      "['AHMEDABAD', 'GANDHIDHAM', '39', '28\\n']\n",
      "['GANDHINAGAR', 'NAVSARI', '3', '26\\n']\n",
      "['AHMEDABAD', 'JAMNAGAR', '18', '18\\n']\n",
      "['RAJKOT', 'SURAT', '30', '9\\n']\n",
      "['PALANPUR', 'VERAVAL', '45', '14\\n']\n",
      "['GANDHINAGAR', 'DEESA', '30', '18\\n']\n",
      "['NAVSARI', 'AHMEDABAD', '27', '15\\n']\n",
      "['VALSAD', 'VAPI', '21', '5\\n']\n",
      "['MEHSANA', 'GANDHIDHAM', '9', '18\\n']\n",
      "['JUNAGADH', 'AHMEDABAD', '18', '28\\n']\n",
      "['PALANPUR', 'BHUJ', '42', '4\\n']\n",
      "['ANAND', 'DEESA', '18', '25\\n']\n",
      "['BOTAD', 'GONDAL', '9', '28\\n']\n",
      "['VAPI', 'JETPUR', '30', '8\\n']\n",
      "['PORBANDAR', 'PATAN', '21', '8\\n']\n",
      "['JAMNAGAR', 'BOTAD', '39', '19\\n']\n",
      "['AMRELI', 'KALOL', '3', '6\\n']\n",
      "['BHARUCH', 'VERAVAL', '36', '25\\n']\n",
      "['PATAN', 'JUNAGADH', '18', '17\\n']\n",
      "['GODHRA', 'MEHSANA', '12', '16\\n']\n",
      "['ANAND', 'VALSAD', '24', '29']\n",
      "[[19, 15, 18, 6], [22, 23, 45, 8], [21, 22, 9, 29], [25, 18, 9, 27], [5, 27, 24, 28], [12, 22, 24, 3], [14, 25, 12, 25], [24, 6, 18, 21], [21, 19, 36, 24], [29, 23, 12, 11], [0, 19, 3, 22], [4, 17, 6, 17], [26, 14, 33, 31], [21, 5, 18, 13], [21, 2, 18, 23], [20, 19, 12, 5], [26, 8, 36, 8], [25, 0, 6, 4], [10, 21, 42, 7], [14, 21, 36, 24], [11, 16, 33, 23], [11, 12, 21, 10], [11, 3, 45, 31], [13, 4, 45, 8], [20, 30, 30, 13], [11, 3, 3, 4], [16, 12, 45, 14], [30, 15, 6, 14], [15, 22, 12, 27], [4, 14, 15, 19], [17, 10, 6, 8], [10, 28, 33, 17], [17, 16, 36, 9], [17, 26, 24, 22], [0, 24, 12, 29], [24, 6, 24, 14], [16, 10, 33, 9], [16, 7, 15, 22], [27, 6, 21, 18], [0, 3, 30, 29], [7, 10, 15, 12], [0, 16, 21, 5], [22, 24, 36, 19], [5, 20, 30, 27], [16, 6, 21, 29], [10, 4, 33, 5], [14, 1, 12, 7], [20, 13, 18, 16], [30, 7, 3, 31], [18, 20, 9, 26], [30, 10, 42, 3], [29, 4, 3, 16], [0, 18, 12, 5], [0, 28, 30, 13], [19, 21, 6, 30], [0, 19, 18, 4], [13, 19, 6, 17], [14, 30, 15, 23], [11, 15, 6, 10], [18, 6, 12, 8], [26, 4, 12, 16], [27, 14, 21, 22], [20, 4, 45, 24], [30, 18, 27, 18], [13, 11, 39, 13], [13, 18, 42, 29], [22, 0, 45, 21], [29, 10, 12, 19], [21, 29, 27, 8], [12, 29, 3, 23], [11, 1, 36, 6], [0, 1, 18, 3], [22, 10, 45, 22], [23, 2, 18, 28], [15, 7, 42, 17], [13, 15, 45, 13], [11, 13, 33, 19], [22, 14, 45, 23], [29, 11, 27, 9], [0, 9, 39, 28], [10, 20, 3, 26], [0, 13, 18, 18], [24, 25, 30, 9], [21, 30, 45, 14], [10, 8, 30, 18], [20, 0, 27, 15], [28, 29, 21, 5], [17, 9, 9, 18], [15, 0, 18, 28], [21, 5, 42, 4], [2, 8, 18, 25], [6, 12, 9, 28], [29, 14, 30, 8], [23, 22, 21, 8], [13, 6, 39, 19], [1, 16, 3, 6], [3, 30, 36, 25], [22, 15, 18, 17], [11, 17, 12, 16], [2, 28, 24, 29]]\n",
      "100\n"
     ]
    }
   ],
   "source": [
    "#Store input requests\n",
    "p_dict = {\"AHMEDABAD\":0, \"AMRELI\":1, \"ANAND\":2, \"BHARUCH\":3, \"BHAVNAGAR\":4 ,\"BHUJ\":5, \"BOTAD\":6, \"DAHOD\":7, \"DEESA\":8, \"GANDHIDHAM\":9, \"GANDHINAGAR\":10, \"GODHRA\":11, \"GONDAL\":12, \"JAMNAGAR\":13, \"JETPUR\":14, \"JUNAGADH\":15, \"KALOL\":16, \"MEHSANA\":17, \"MORBI\":18, \"NADIAD\":19, \"NAVSARI\":20, \"PALANPUR\":21, \"PATAN\":22, \"PORBANDAR\":23, \"RAJKOT\":24, \"SURAT\":25, \"SURENDRANAGAR\":26, \"VADODARA\": 27, \"VALSAD\":28, \"VAPI\":29, \"VERAVAL\":30}\n",
    "fread = open(\"order.txt\", \"r\")\n",
    "lines = fread.readlines()\n",
    "ship = []\n",
    "for line in lines:\n",
    "    t_h = line.split('\\t') #change to \\t if tab spaced\n",
    "    print(t_h)\n",
    "    src = p_dict[t_h[0]]\n",
    "    dst = p_dict[t_h[1]]\n",
    "    trucks = int(t_h[2])\n",
    "    due = int(t_h[3].strip())\n",
    "    ship.append([src, dst, trucks, due])\n",
    "print(ship) \n",
    "n = len(ship)\n",
    "n_ship = n\n",
    "print(n)    \n",
    "fread.close()"
   ]
  },
  {
   "cell_type": "code",
   "execution_count": 90,
   "id": "4b1a943f",
   "metadata": {},
   "outputs": [
    {
     "name": "stdout",
     "output_type": "stream",
     "text": [
      "[0.15166666666666667, 0.09416666666666666, 0.3558333333333333]\n",
      "[13.848333333333333, 18.905833333333334, 23.644166666666667]\n",
      "[13.848333333333333, 18.676666666666666, 23.59347222222222]\n"
     ]
    }
   ],
   "source": [
    "#Calculate latest start & transit periods\n",
    "transit = [0 for i in range(n)]\n",
    "l_start = [0 for i in range(n)]\n",
    "l_start_a = [0 for i in range(n)]\n",
    "for i in range(n):\n",
    "    src = ship[i][0]\n",
    "    dst = ship[i][1]\n",
    "    transit[i] = dist[src][dst]/50/24\n",
    "    l_start[i] = ship[i][3] - transit[i] - 1\n",
    "    l_start_a[i] = l_start[i] - dist[0][src]/60/24\n",
    "print(transit)\n",
    "print(l_start)\n",
    "print(l_start_a)"
   ]
  },
  {
   "cell_type": "code",
   "execution_count": 91,
   "id": "2dea91aa",
   "metadata": {},
   "outputs": [
    {
     "name": "stdout",
     "output_type": "stream",
     "text": [
      "[[16.12638888888889, 16.32638888888889, 16.075694444444444], [21.13888888888889, 21.07847222222222, 21.168055555555554], [26.268055555555556, 26.241666666666667, 26.29652777777778]]\n"
     ]
    }
   ],
   "source": [
    "#Calculate the return dates to all source nodes\n",
    "ret = [[0 for i in range(n)] for j in range(n)]\n",
    "for i in range(n):\n",
    "    src = ship[i][1]\n",
    "    for j in range(n):\n",
    "        dst = ship[j][0]\n",
    "        ret[i][j] = ship[i][3] + 1 + dist[src][dst]/60/24\n",
    "print(ret)"
   ]
  },
  {
   "cell_type": "code",
   "execution_count": 92,
   "id": "df490b94",
   "metadata": {},
   "outputs": [
    {
     "name": "stdout",
     "output_type": "stream",
     "text": [
      "[[0, 1, 0, 30], [0, 3, 0, 20], [0, 5, 0, 40], [1, 2, 0, 30], [3, 4, 0, 20], [5, 6, 0, 40], [2, 7, 0, 30], [4, 7, 0, 20], [6, 7, 0, 40], [2, 3, 0, 20], [2, 5, 0, 30], [4, 5, 0, 20]]\n"
     ]
    }
   ],
   "source": [
    "#Creation of flow graph\n",
    "g_list = []\n",
    "#from ahm to all sources\n",
    "for i in range(n):\n",
    "    g_list.append([0, 2*i+1, 0, ship[i][2]])\n",
    "#shipment edges\n",
    "for i in range(n):\n",
    "    g_list.append([2*i+1, 2*(i+1), 0, ship[i][2]])\n",
    "#from dest to ahm\n",
    "for i in range(n):\n",
    "    g_list.append([2*(i+1), 2*n+1, 0, ship[i][2]])\n",
    "#intermediate edges\n",
    "for i in range(n):\n",
    "    for j in range(n):\n",
    "        if (j == i): #same shipment\n",
    "            continue\n",
    "        if (l_start[j] >= ret[i][j]): #go from i to j \n",
    "            g_list.append([2*(i+1), 2*j+1, 0, min(ship[i][2], ship[j][2])])\n",
    "             \n",
    "print(g_list)"
   ]
  },
  {
   "cell_type": "code",
   "execution_count": 93,
   "id": "648de151",
   "metadata": {},
   "outputs": [
    {
     "name": "stdout",
     "output_type": "stream",
     "text": [
      "8 12\n",
      "0 1 0 30\n",
      "0 3 0 20\n",
      "0 5 0 40\n",
      "1 2 0 30\n",
      "3 4 0 20\n",
      "5 6 0 40\n",
      "2 7 0 30\n",
      "4 7 0 20\n",
      "6 7 0 40\n",
      "2 3 0 20\n",
      "2 5 0 30\n",
      "4 5 0 20\n"
     ]
    }
   ],
   "source": [
    "#Output graph\n",
    "print(2*(n+1),len(g_list))\n",
    "for i in range(len(g_list)):\n",
    "    for j in range(3):\n",
    "        print(g_list[i][j], end = \" \")\n",
    "    print(g_list[i][3])"
   ]
  },
  {
   "cell_type": "code",
   "execution_count": 94,
   "id": "7aa03299",
   "metadata": {},
   "outputs": [
    {
     "name": "stdout",
     "output_type": "stream",
     "text": [
      "[[0, 1, 0, 30], [0, 3, 0, 20], [0, 5, 0, 40], [1, 2, 0, 30], [3, 4, 0, 20], [5, 6, 0, 40], [2, 7, 0, 30], [4, 7, 0, 20], [6, 7, 0, 40], [2, 3, 0, 20], [2, 5, 0, 30], [4, 5, 0, 20]] \n",
      "\n",
      "{0: [1, 3, 5], 1: [2], 3: [4], 5: [6], 2: [7, 3, 5], 4: [7, 5], 6: [7]}\n",
      "[[0, 30, 0, 20, 0, 40, 0, 0], [0, 0, 30, 0, 0, 0, 0, 0], [0, 0, 0, 20, 0, 30, 0, 30], [0, 0, 0, 0, 20, 0, 0, 0], [0, 0, 0, 0, 0, 20, 0, 20], [0, 0, 0, 0, 0, 0, 40, 0], [0, 0, 0, 0, 0, 0, 0, 40], [0, 0, 0, 0, 0, 0, 0, 0]]\n"
     ]
    }
   ],
   "source": [
    "#(G, A}, Adjancency list & Capacity matrix\n",
    "V = 2*(n+1)\n",
    "E = len(g_list)\n",
    "V_list = list(range(0,V,1))\n",
    "A_dict = {}\n",
    "G_mat = [ [ 0 for i in range(4) ] for j in range(E) ]\n",
    "g = 0\n",
    "for i in range(E):\n",
    "    G_mat[g] = g_list[g]\n",
    "    g += 1\n",
    "for i in range(E):\n",
    "    tail = G_mat[i][0]\n",
    "    head = G_mat[i][1]\n",
    "    if tail in A_dict.keys():\n",
    "        A_dict[tail].append(head)        \n",
    "    else:\n",
    "        A_dict[tail] = [head]\n",
    "\n",
    "capacity = [[0 for i in range(V)] for j in range(V)]\n",
    "for i in range(E):\n",
    "    tail = G_mat[i][0]\n",
    "    head = G_mat[i][1]\n",
    "    capacity[tail][head] = G_mat[i][3]\n",
    "\n",
    "print(G_mat, \"\\n\")\n",
    "print(A_dict)   \n",
    "print(capacity)"
   ]
  },
  {
   "cell_type": "code",
   "execution_count": 95,
   "id": "6d5b5936",
   "metadata": {},
   "outputs": [],
   "source": [
    "def cap_Dijkstra(A_dict, cost, V, s, t):\n",
    "    parent = {}\n",
    "    for i in range(V):\n",
    "        parent[i] = i\n",
    "    dist = [math.inf]*V\n",
    "    dist[s] = 0\n",
    "    fixed = [s]\n",
    "    chosen = s\n",
    "    while (t not in fixed):\n",
    "        if (chosen not in A_dict.keys()):\n",
    "            print(\"cant use DJ here\")\n",
    "            return dist[t], parent\n",
    "        chosen_range = A_dict[chosen]\n",
    "        k = -1\n",
    "        for i in range(len(chosen_range)):\n",
    "            j = chosen_range[i]\n",
    "            if (j in fixed):\n",
    "                continue\n",
    "            if (dist[j] >= dist[chosen] + cost[chosen][j]):\n",
    "                dist[j] = dist[chosen] + cost[chosen][j]\n",
    "                parent[j] = chosen\n",
    "        min_d = 1e8\n",
    "        min_v = -1\n",
    "        for v in range(V):\n",
    "            if ((dist[v] <= min_d) and (v not in fixed) and (dist[v] != math.inf) and (v in A_dict.keys() or v == t)):\n",
    "                min_d = dist[v]\n",
    "                min_v = v\n",
    "        k = min_v\n",
    "        if (k == -1 or k == math.inf):\n",
    "            break\n",
    "        else:\n",
    "            fixed.append(k)\n",
    "            chosen = k\n",
    "    return dist[t], parent"
   ]
  },
  {
   "cell_type": "code",
   "execution_count": 96,
   "id": "acb37b63",
   "metadata": {},
   "outputs": [],
   "source": [
    "def create_residual_network(G_mat, A_dict, capacity):\n",
    "    R = copy.deepcopy(G_mat)\n",
    "    for i in A_dict.keys():\n",
    "        for j in A_dict[i]:\n",
    "            if (j in A_dict.keys()):\n",
    "                if (i in A_dict[j]):\n",
    "                    continue\n",
    "            R.append([j, i, 0, 0])\n",
    "    return R\n",
    "\n",
    "# Develop modified dictionary\n",
    "def mod_dict(R, capacity):\n",
    "    R_dict = {}\n",
    "    for e in range(len(R)):\n",
    "        t = R[e][0]\n",
    "        h = R[e][1]\n",
    "        if (capacity[t][h] != 0):\n",
    "            if (t in R_dict.keys()):\n",
    "                if (h not in R_dict[t]):\n",
    "                    R_dict[t].append(h)\n",
    "            else:\n",
    "                R_dict[t] = [h]\n",
    "        else:\n",
    "            if (t in R_dict.keys()):\n",
    "                if (h in R_dict[t]):\n",
    "                    R_dict[t].remove(h)\n",
    "    return R_dict\n",
    "\n",
    "\n",
    "def find_s_t_path(R, s, end, V, capacity): # Use R for nodes & arc connects and 'capacity' for residual capacity\n",
    "    mod_cost = [[math.inf for i in range(V)] for j in range(V)]\n",
    "    R_dict = {}\n",
    "    \n",
    "    #print('capacity')\n",
    "    #for i in range(V):\n",
    "    #    print(capacity[i])\n",
    "        \n",
    "    # Develop modified cost & dictionary\n",
    "    for e in range(len(R)):\n",
    "        t = R[e][0]\n",
    "        h = R[e][1]\n",
    "        if (capacity[t][h] != 0):\n",
    "            mod_cost[t][h] = 1\n",
    "            if (t in R_dict.keys()):\n",
    "                if (h not in R_dict[t]):\n",
    "                    R_dict[t].append(h)\n",
    "            else:\n",
    "                R_dict[t] = [h]\n",
    "        else:\n",
    "            if (t in R_dict.keys()):\n",
    "                if (h in R_dict[t]):\n",
    "                    R_dict[t].remove(h)\n",
    "                    \n",
    "    #Print values\n",
    "    #print('modified cost')\n",
    "    #for i in range(V):\n",
    "    #    print(mod_cost[i])\n",
    "    #print(R_dict)\n",
    "    \n",
    "    # Find shortest s-t path\n",
    "    min_cost, parent = cap_Dijkstra(R_dict, mod_cost, V, s, end)\n",
    "    #print(min_cost)\n",
    "    #print(parent)\n",
    "    path = []\n",
    "    if (min_cost == math.inf):\n",
    "        return path\n",
    "    path = [end]\n",
    "    curr = end\n",
    "    while (curr != s and curr != parent[curr]):\n",
    "        curr = parent[curr]\n",
    "        path.insert(0, curr)\n",
    "    #print(path)   \n",
    "    return path\n",
    "\n",
    "def retrieve_flow(G_mat, R, capacity):\n",
    "    flow = []\n",
    "    for i in range(len(G_mat)):\n",
    "        t = G_mat[i][0]\n",
    "        h = G_mat[i][1]\n",
    "        old = G_mat[i][3]\n",
    "        new = capacity[t][h]\n",
    "        if (old > new):\n",
    "            flow.append(old - new)\n",
    "            #print(\"flow of\", old-new, \"from\", t, \"to\", h)\n",
    "        else:\n",
    "            flow.append(0)            \n",
    "    return flow\n",
    "\n",
    "def FF(G_mat, A_dict, capacity, V, s, end):\n",
    "    R = create_residual_network(G_mat, A_dict, capacity)\n",
    "    #print(R)\n",
    "    flow_value = 0\n",
    "    path = find_s_t_path(R, s, end, V, capacity)\n",
    "    #print(path)\n",
    "    while (len(path) != 0):\n",
    "        min_cap = math.inf\n",
    "        for n in range(len(path)-1):\n",
    "            t = path[n]\n",
    "            h = path[n+1]\n",
    "            if (capacity[t][h] < min_cap):\n",
    "                min_cap = capacity[t][h]\n",
    "        #print('here')\n",
    "        #print(min_cap)\n",
    "        flow_value = flow_value + min_cap\n",
    "        for n in range(len(path)-1):\n",
    "            t = path[n]\n",
    "            h = path[n+1]\n",
    "            capacity[t][h] = capacity[t][h] - min_cap\n",
    "            capacity[h][t] = capacity[h][t] + min_cap\n",
    "        path = find_s_t_path(R, s, end, V, capacity)\n",
    "        #print(path)\n",
    "    flow = retrieve_flow(G_mat, R, capacity)\n",
    "    #print('flow')\n",
    "    #print(flow)\n",
    "    return flow, flow_value"
   ]
  },
  {
   "cell_type": "code",
   "execution_count": 97,
   "id": "71f2f024",
   "metadata": {},
   "outputs": [
    {
     "name": "stdout",
     "output_type": "stream",
     "text": [
      "cant use DJ here\n",
      "Max flow:  90\n",
      "Flow through arcs-\n",
      "( 0 , 1 ) : 30\n",
      "( 0 , 3 ) : 20\n",
      "( 0 , 5 ) : 40\n",
      "( 1 , 2 ) : 30\n",
      "( 3 , 4 ) : 20\n",
      "( 5 , 6 ) : 40\n",
      "( 2 , 7 ) : 30\n",
      "( 4 , 7 ) : 20\n",
      "( 6 , 7 ) : 40\n",
      "( 2 , 3 ) : 0\n",
      "( 2 , 5 ) : 0\n",
      "( 4 , 5 ) : 0\n"
     ]
    }
   ],
   "source": [
    "#Max flow from s to t\n",
    "s = 0\n",
    "t = V-1\n",
    "capacity = [[0 for i in range(V)] for j in range(V)]\n",
    "for i in range(E):\n",
    "    tail = G_mat[i][0]\n",
    "    head = G_mat[i][1]\n",
    "    capacity[tail][head] = G_mat[i][3]\n",
    "R = create_residual_network(G_mat, A_dict, capacity)\n",
    "flow, flow_value = FF(G_mat, A_dict, capacity, V, s, t) \n",
    "print('Max flow: ', flow_value)\n",
    "#printing flow through arcs\n",
    "print('Flow through arcs-')\n",
    "for i in range(E):\n",
    "    print('(', G_mat[i][0], ',' , G_mat[i][1], ')', ':', flow[i])"
   ]
  },
  {
   "cell_type": "code",
   "execution_count": 98,
   "id": "b7b5c512",
   "metadata": {},
   "outputs": [
    {
     "name": "stdout",
     "output_type": "stream",
     "text": [
      "Max flow:  50\n",
      "Lorries needed:  40\n"
     ]
    }
   ],
   "source": [
    "\n",
    "# Removal of residuals\n",
    "for i in range(2,V,2):    \n",
    "    capacity[i][i-1] = 0\n",
    "#for i in range(V):\n",
    "#    print(i)\n",
    "#    print(capacity[i])\n",
    "\n",
    "R_dict = mod_dict(R, capacity)\n",
    "#print(R_dict)\n",
    "#print(capacity)\n",
    "flow1, flow_value1 = FF(R, R_dict, capacity, V, t, s)\n",
    "print('Max flow: ', flow_value1)\n",
    "lor = flow_value - flow_value1\n",
    "print('Lorries needed: ', lor)\n",
    "#print('Flow through arcs-')\n",
    "#print(flow1)"
   ]
  },
  {
   "cell_type": "code",
   "execution_count": 99,
   "id": "14bc8671",
   "metadata": {},
   "outputs": [
    {
     "name": "stdout",
     "output_type": "stream",
     "text": [
      "( 0 , 1 ) : 30\n",
      "( 0 , 3 ) : 0\n",
      "( 0 , 5 ) : 10\n",
      "( 1 , 2 ) : 30\n",
      "( 3 , 4 ) : 20\n",
      "( 5 , 6 ) : 40\n",
      "( 2 , 7 ) : 0\n",
      "( 4 , 7 ) : 0\n",
      "( 6 , 7 ) : 40\n",
      "( 2 , 3 ) : 20\n",
      "( 2 , 5 ) : 10\n",
      "( 4 , 5 ) : 20\n"
     ]
    }
   ],
   "source": [
    "#Print the flow\n",
    "#print(flow1)\n",
    "for i in range(E):\n",
    "    print('(', G_mat[i][0], ',' , G_mat[i][1], ')', ':', flow1[i])"
   ]
  },
  {
   "cell_type": "code",
   "execution_count": 100,
   "id": "b1472060",
   "metadata": {},
   "outputs": [],
   "source": [
    "#check for latest start from Ahmedabad & source cities\n",
    "for i in range(E):\n",
    "    if (G_mat[i][0] == 0 and flow1[i] != 0): #start from Ahmedabad\n",
    "        if (l_start_a[int((i-1)/2)] < 0):\n",
    "            print(\"Can't satisfy shipment from\", G_mat[i][0], \"to\", G_mat[i][1])\n",
    "    if (G_mat[i][0]%2 == 1 and flow1[i] != 0): #start from source\n",
    "        if (l_start[int((i-1)/2)] < 0):\n",
    "            print(\"Can't satisfy shipment from\", G_mat[i][0], \"to\", G_mat[i][1])"
   ]
  },
  {
   "cell_type": "code",
   "execution_count": 101,
   "id": "25e4d1d9",
   "metadata": {},
   "outputs": [
    {
     "name": "stdout",
     "output_type": "stream",
     "text": [
      "( 0 , 1 ) - start: 13.85 & end: 13.85\n",
      "( 0 , 5 ) - start: 23.59 & end: 23.64\n",
      "( 1 , 2 ) - start: 13.85 & end: 15.00\n",
      "( 3 , 4 ) - start: 18.91 & end: 20.00\n",
      "( 5 , 6 ) - start: 23.64 & end: 25.00\n",
      "( 6 , 7 ) - start: 25.00 & end: 26.05\n",
      "( 2 , 3 ) - start: 15.00 & end: 18.91\n",
      "( 2 , 5 ) - start: 15.00 & end: 23.64\n",
      "( 4 , 5 ) - start: 20.00 & end: 23.64\n"
     ]
    }
   ],
   "source": [
    "# Dates of travel\n",
    "start = [0 for i in range(E)]\n",
    "end = [0 for i in range(E)]\n",
    "for i in range(E):\n",
    "    if (flow1[i] == 0): \n",
    "        continue\n",
    "    nsrc = G_mat[i][0]\n",
    "    ndst = G_mat[i][1]\n",
    "    if (nsrc == 0):\n",
    "        #travel from l_start to due date\n",
    "        num = i #shipment number\n",
    "        start[i] = l_start_a[num] \n",
    "        end[i] = l_start[num]\n",
    "    elif (nsrc%2 == 1):\n",
    "        num = int((nsrc-1)/2)\n",
    "        start[i] = l_start[num]\n",
    "        end[i] = ship[num][3]\n",
    "    elif (ndst != (V-1) and nsrc%2 == 0):\n",
    "        num1 = int(nsrc/2) - 1\n",
    "        num2 = int((ndst-1)/2)\n",
    "        start[i] = ship[num1][3]\n",
    "        end[i] = l_start[num2]\n",
    "    else:\n",
    "        num = int(nsrc/2)-1\n",
    "        start[i] = ship[num][3]\n",
    "        src = ship[num][0]\n",
    "        end[i] = start[i] + dist[src][0]/60/24 + 1\n",
    "\n",
    "#print start & ends\n",
    "F_mat = [] # Data structure for above graph\n",
    "for i in range(E):\n",
    "    if (flow1[i] == 0):\n",
    "        continue\n",
    "    print('(', G_mat[i][0], ',' , G_mat[i][1], ')', '- start:', '%.2f' % start[i], '& end:', '%.2f' % end[i])    \n",
    "    F_mat.append([G_mat[i][0], G_mat[i][1], start[i], end[i], flow1[i]])\n",
    "#print(F_mat)"
   ]
  },
  {
   "cell_type": "code",
   "execution_count": 102,
   "id": "30e725bc",
   "metadata": {},
   "outputs": [],
   "source": [
    "def back_to_depot(F_mat, n_ship, esrc, edst, etrucks, edue, estart, er_mat):\n",
    "    t_satisfy = 0\n",
    "    p_satisfy = 0\n",
    "    t_ship = n_ship + len(er_mat)\n",
    "    n_curr = 2*(t_ship)\n",
    "    itr = len(F_mat)\n",
    "    for i in range(itr):\n",
    "        if (F_mat[i][1] == 2*n_ship+1):\n",
    "            num = int(F_mat[i][0]/2) - 1\n",
    "            if (num <= n_ship):\n",
    "                src = ship[num][0]\n",
    "            else: \n",
    "                e_count = F_mat[i][0] - 2*(n_ship + 1)\n",
    "                src = er_mat[e_count][1] #change to actual source vaLue- using er_mat\n",
    "            nstart = F_mat[i][2] + 1 + dist[src][esrc]/60/24\n",
    "            if (nstart <= estart):\n",
    "                p_satisfy = t_satisfy\n",
    "                t_satisfy = min(p_satisfy + F_mat[i][4], etrucks)\n",
    "                F_mat.append([F_mat[i][0], n_curr, F_mat[i][2], estart, t_satisfy - p_satisfy])\n",
    "                if (t_satisfy < etrucks):\n",
    "                    F_mat[i][4] = 0\n",
    "                else:\n",
    "                    t_satisfy = etrucks\n",
    "                    F_mat[i][4] = F_mat[i][4] - t_satisfy\n",
    "                    break\n",
    "    t_remain = etrucks - t_satisfy\n",
    "    if (t_satisfy != 0): #Satisfied by back to depot trucks\n",
    "        F_mat.append([n_curr+1, 2*n_ship + 1, edue+1, edue+1+dist[edst][0]/60/24, t_satisfy])\n",
    "    return t_remain\n",
    "    \n",
    "\n",
    "def free_shipment(F_mat, n_ship, esrc, edst, etrucks, edue, estart, er_mat):\n",
    "    t_satisfy = 0\n",
    "    p_satisfy = 0\n",
    "    t_ship = n_ship + len(er_mat)\n",
    "    n_curr = 2*(t_ship)\n",
    "    itr = len(F_mat)\n",
    "    for i in range(itr):\n",
    "        if (F_mat[i][0]%2 == 0 and F_mat[i][1]%2 == 1):\n",
    "            #print(\"Chosen Flow:\")\n",
    "            #print(F_mat[i])\n",
    "            if (F_mat[i][0] >= 2*(n_ship + 1) or F_mat[i][0] == 0 or F_mat[i][1] == 2*n_ship+1): #ER shipments\n",
    "                continue\n",
    "            num = int(F_mat[i][0]/2)-1\n",
    "            src = ship[num][1]\n",
    "            nstart = F_mat[i][2] + 1 + dist[src][esrc]/60/24\n",
    "            num = int((F_mat[i][1]-1)/2)\n",
    "            #print(num)\n",
    "            dst = ship[num][0]\n",
    "            eend = edue + 1 + dist[edst][dst]/60/24\n",
    "            nend = int(F_mat[i][3])\n",
    "            if (nstart <= estart and eend <= nend): #start & end conditions satisfied\n",
    "                p_satisfy = t_satisfy\n",
    "                t_satisfy = min(p_satisfy + F_mat[i][4], etrucks)\n",
    "                F_mat.append([F_mat[i][0], n_curr, F_mat[i][2], estart, t_satisfy - p_satisfy])  \n",
    "                F_mat.append([n_curr + 1, F_mat[i][1], edue, F_mat[i][3], t_satisfy - p_satisfy])\n",
    "                if (t_satisfy < etrucks):\n",
    "                    F_mat[i][4] = 0\n",
    "                else:\n",
    "                    t_satisfy = etrucks\n",
    "                    F_mat[i][4] = F_mat[i][4] - t_satisfy\n",
    "                    break\n",
    "    t_remain = etrucks - t_satisfy\n",
    "    return t_remain            \n",
    "                \n",
    "def depot_to_src(F_mat, n_ship, esrc, edst, t_remain, edue, estart, er_mat):\n",
    "    t_satisfy = 0\n",
    "    p_satisfy = 0\n",
    "    t_ship = n_ship + len(er_mat)\n",
    "    n_curr = 2*(t_ship)\n",
    "    itr = len(F_mat)\n",
    "    for i in range(itr):\n",
    "        if (F_mat[i][0] == 0):\n",
    "            src = 0\n",
    "            num = int((F_mat[i][1]-1)/2)\n",
    "            dst = ship[num][0]\n",
    "            eend = edue + 1 + dist[edst][dst]/60/24\n",
    "            nend = int(F_mat[i][3])\n",
    "            if (eend <= nend): #start & end conditions satisfied\n",
    "                p_satisfy = t_satisfy\n",
    "                t_satisfy = min(p_satisfy + F_mat[i][4], etrucks)\n",
    "                F_mat.append([n_curr + 1, F_mat[i][1], edue, F_mat[i][3], t_satisfy - p_satisfy])\n",
    "                if (t_satisfy < etrucks):\n",
    "                    F_mat[i][4] = 0\n",
    "                else:\n",
    "                    t_satisfy = etrucks\n",
    "                    F_mat[i][4] = F_mat[i][4] - t_satisfy\n",
    "                    break\n",
    "    if (t_satisfy != 0): #Satisfied by back to depot trucks\n",
    "        F_mat.append([F_mat[i][0], n_curr, F_mat[i][2], estart, t_satisfy - p_satisfy]) \n",
    "    t_remain = etrucks - t_satisfy\n",
    "    return t_remain\n",
    "\n",
    "def start_depot(F_mat, n_ship, esrc, edst, t_remain, edue, estart, er_mat):\n",
    "    t_satisfy = 0\n",
    "    p_satisfy = 0\n",
    "    t_ship = n_ship + len(er_mat)\n",
    "    n_curr = 2*(t_ship)\n",
    "    # depot to esrc\n",
    "    nstart = e_start - dist[0][esrc]/60/24\n",
    "    F_mat.append([0, n_curr, nstart, estart, t_remain])\n",
    "    # edst to depot\n",
    "    nend = edue + 1 + dist[0][edst]/60/24\n",
    "    F_mat.append([n_curr+1, 2*n_ship+1, edue, nend, t_remain])     \n",
    "\n",
    "            "
   ]
  },
  {
   "cell_type": "code",
   "execution_count": 103,
   "id": "946fda68",
   "metadata": {},
   "outputs": [
    {
     "name": "stdout",
     "output_type": "stream",
     "text": [
      "Do you want to handle emergency requests ? (y/n)y\n",
      "y\n",
      "Enter the order request: (src, dest, trucks, due date)\n",
      "BHAVNAGAR\n",
      "BHUJ\n",
      "5\n",
      "20\n",
      "Check 1\n",
      "5\n",
      "Check 2\n",
      "0\n",
      "Total trucks to handle incl. this emergency request: 40\n",
      "Trucks flow:\n",
      "( 0 , 1 ) : 30\n",
      "( 0 , 5 ) : 10\n",
      "( 1 , 2 ) : 30\n",
      "( 3 , 4 ) : 20\n",
      "( 5 , 6 ) : 40\n",
      "( 6 , 7 ) : 40\n",
      "( 2 , 3 ) : 20\n",
      "( 2 , 5 ) : 5\n",
      "( 4 , 5 ) : 20\n",
      "( 2 , 8 ) : 5\n",
      "( 9 , 5 ) : 5\n",
      "( 8 , 9 ) : 5\n",
      "Do you want to handle emergency requests ? (y/n)n\n",
      "n\n",
      "Program Terminated\n"
     ]
    }
   ],
   "source": [
    "flen = len(F_mat)\n",
    "er_mat = []\n",
    "e_count = 0\n",
    "while True:\n",
    "    er = input(\"Do you want to handle emergency requests ? (y/n)\")\n",
    "    print(er)\n",
    "    if (er == \"n\"):\n",
    "        print(\"Program Terminated\")\n",
    "        break\n",
    "    print(\"Enter the order request: (src, dest, trucks, due date)\")\n",
    "    req = []\n",
    "    for i in range(4):\n",
    "        ele = input()\n",
    "        req.append(ele)\n",
    "    e_vec = req\n",
    "    #e_vec.append(e_count)\n",
    "    er_mat.append(e_vec)\n",
    "    e_count = e_count + 1\n",
    "    esrc = p_dict[req[0]]\n",
    "    edst = p_dict[req[1]]\n",
    "    etrucks = int(req[2])\n",
    "    edue = int(req[3])\n",
    "    estart = edue - 1 - dist[src][dst]/50/24 #Since emergency req are in the month, no check for date consistency as above done\n",
    "    #print(er_mat)\n",
    "    #1. Check for free trucks going back to depot\n",
    "    t_remain = back_to_depot(F_mat, n_ship, esrc, edst, etrucks, edue, estart, er_mat)\n",
    "    print(\"Check 1\")\n",
    "    print(t_remain)\n",
    "    #2. Check for free trucks between shipment\n",
    "    if (t_remain != 0):\n",
    "        t_remain = free_shipment(F_mat, n_ship, esrc, edst, t_remain, edue, estart, er_mat)\n",
    "        print(\"Check 2\")\n",
    "        print(t_remain)\n",
    "    #3. Check for free trucks between depot to srcs\n",
    "    if (t_remain != 0):\n",
    "        t_remain = depot_to_src(F_mat, n_ship, esrc, edst, t_remain, edue, estart, er_mat)\n",
    "        print(\"Check 3\")\n",
    "        print(t_remain)\n",
    "    #4. Route from depot at start\n",
    "    if (t_remain != 0):\n",
    "        lor = lor + t_remain\n",
    "        start_depot(F_mat, n_ship, esrc, edst, t_remain, edue, estart, er_mat)\n",
    "        n_start = e_start - dist[0][esrc]/60/24\n",
    "        if (n_start < 0):\n",
    "            print(\"Can't handle this request as trucks won't reach by due date!!\")\n",
    "    n_curr = 2*(n_ship + e_count)\n",
    "    F_mat.append([n_curr, n_curr+1, estart, edue, etrucks])\n",
    "    print(\"Total trucks to handle incl. this emergency request:\", lor)\n",
    "    print(\"Trucks flow:\")\n",
    "    for i in range(len(F_mat)):\n",
    "        if (F_mat[i][4] == 0):\n",
    "            continue\n",
    "        print('(', F_mat[i][0], ',' , F_mat[i][1], ')',  ':', F_mat[i][4])   \n",
    "    \n"
   ]
  },
  {
   "cell_type": "code",
   "execution_count": null,
   "id": "a84e7d16",
   "metadata": {},
   "outputs": [],
